100 100 5000
48 29
24 30
42 31
98 73
7 68
66 73
9 63
34 48
50 62
63 83
22 27
68 76
52 7
66 13
10 33
59 18
34 21
43 36
12 7
6 74
18 100
97 2
43 15
57 93
75 41
82 15
37 15
76 87
22 29
44 31
2 40
61 36
82 84
35 96
5 33
18 80
89 16
73 70
97 23
60 29
72 89
84 45
33 3
93 81
30 68
62 55
20 57
91 51
37 78
47 8
37 20
26 85
99 48
49 75
68 29
50 44
6 62
87 60
34 95
86 52
8 90
47 62
21 5
13 75
27 32
19 44
49 1
59 63
41 81
3 25
55 33
17 22
49 49
37 25
57 98
44 99
76 6
38 23
15 35
74 8
12 4
100 27
52 76
97 51
79 41
46 62
2 32
93 71
76 56
32 87
53 93
2 58
13 60
69 26
76 33
98 62
43 80
44 97
6 80
55 9
33 94
5 5
62 2
11 87
29 53
30 46
94 96
62 12
52 76
95 100
47 75
47 61
37 83
84 18
27 34
70 53
63 39
10 67
70 43
66 49
58 31
54 67
57 54
12 51
81 91
84 81
1 27
70 8
34 21
72 76
40 50
81 31
88 84
28 86
46 62
91 19
12 26
75 58
45 64
81 73
48 91
31 7
9 55
49 97
34 10
12 16
48 59
29 75
89 5
23 46
38 56
58 7
22 67
99 89
74 74
89 39
65 82
46 29
63 7
100 26
81 31
56 36
63 58
9 89
6 38
7 94
63 100
14 59
38 16
25 82
88 15
35 9
47 27
44 4
51 49
22 60
50 42
37 43
42 15
14 68
63 4
68 74
88 35
55 89
86 55
8 41
84 68
39 35
95 2
77 82
26 11
88 99
2 57
13 82
79 69
51 2
43 21
29 71
37 49
94 90
51 7
6 93
21 8
10 89
9 83
85 22
90 53
94 95
77 3
17 84
20 9
5 97
88 51
52 48
15 6
43 58
25 96
18 22
99 25
72 95
81 87
48 5
26 41
47 64
15 4
50 73
25 10
99 7
100 69
4 45
44 37
13 69
64 54
96 37
54 29
20 1
62 56
82 58
91 29
7 14
16 4
18 42
36 58
78 70
64 35
29 43
74 66
17 87
39 9
80 97
35 44
75 39
1 96
35 42
91 57
31 5
15 43
2 55
27 10
78 91
27 29
35 73
41 51
38 4
31 73
78 90
33 67
84 96
66 90
79 12
41 62
62 73
65 42
91 46
90 65
14 6
47 92
79 20
59 54
9 39
8 63
30 73
69 18
4 14
25 38
38 52
1 100
9 1
66 75
47 6
35 57
62 71
94 78
19 83
74 76
49 6
58 10
76 54
5 21
82 91
78 16
20 19
32 79
92 99
65 24
100 20
68 59
15 50
29 57
64 67
78 88
75 79
21 14
36 91
79 3
35 85
80 100
1 100
37 50
66 61
100 4
64 82
48 19
13 55
19 44
50 91
81 67
94 92
44 39
10 83
62 1
6 90
84 75
34 20
36 74
20 5
57 3
89 71
31 96
7 57
10 59
45 31
37 57
51 31
4 97
42 27
31 62
80 87
54 95
17 70
57 30
89 37
85 34
21 92
10 27
62 46
56 86
45 20
25 17
85 65
5 64
92 61
37 63
80 8
54 90
67 95
17 60
53 38
60 75
18 92
64 15
73 92
62 93
51 85
9 36
5 10
34 1
84 44
96 24
63 77
79 67
16 81
23 42
54 80
57 72
11 24
25 69
28 29
52 57
21 94
66 18
23 38
5 2
54 49
20 85
53 66
82 6
65 71
99 68
77 15
46 83
63 59
97 77
29 79
78 53
16 40
99 46
82 17
36 37
23 39
53 89
13 67
59 63
36 74
58 39
32 43
5 90
52 29
33 94
25 51
15 48
29 79
76 77
78 47
48 41
77 39
36 13
31 95
22 47
70 92
30 67
71 52
39 52
25 67
80 94
87 29
49 64
34 22
13 3
16 80
25 26
21 60
41 68
12 100
91 20
60 9
37 39
14 45
67 10
22 36
30 38
97 81
94 76
80 1
39 79
40 83
90 9
87 26
30 83
52 4
13 72
32 36
31 97
71 72
31 54
3 53
28 29
95 67
50 1
68 20
65 98
57 82
69 100
8 66
37 74
66 57
1 6
40 21
79 78
69 11
61 33
67 57
85 5
62 63
63 13
96 64
83 68
64 99
44 9
14 39
13 84
43 61
19 6
78 61
100 9
14 8
46 80
32 56
69 71
89 29
39 46
22 93
70 24
68 32
64 14
82 42
14 18
22 13
3 24
12 39
9 84
58 57
6 62
61 79
32 2
17 53
87 82
4 93
57 71
49 11
29 57
13 86
85 44
12 77
53 80
92 3
15 72
78 35
76 71
86 65
15 47
6 22
63 23
36 79
72 29
5 57
78 77
1 19
76 33
68 61
4 43
64 74
72 72
26 99
54 91
99 43
53 62
51 98
83 80
69 28
43 77
21 70
92 95
44 58
97 34
91 73
25 31
79 47
27 41
53 59
30 74
76 100
90 18
52 43
90 86
34 82
67 64
56 54
91 29
52 19
68 55
84 45
84 26
52 15
76 83
67 23
5 13
21 52
11 4
34 50
98 39
57 89
99 77
20 49
35 4
71 56
56 71
44 85
96 19
1 97
32 41
1 1
87 38
90 44
19 80
41 55
85 29
33 72
99 17
41 63
64 1
72 99
85 55
50 69
39 22
1 34
78 56
63 20
15 35
39 44
42 17
56 67
3 14
5 43
4 12
64 39
21 91
14 8
59 95
91 100
7 3
19 73
90 100
52 88
74 47
60 86
32 76
100 96
10 100
19 66
61 42
80 27
3 74
51 66
22 50
34 92
73 83
53 54
49 96
13 68
28 50
30 56
74 1
28 98
44 90
50 54
74 94
62 10
58 78
77 33
67 9
40 51
93 72
62 54
25 69
45 46
49 4
83 94
79 71
73 23
90 84
34 79
71 97
10 7
66 100
62 6
97 72
21 62
70 68
38 92
40 59
97 48
13 90
36 31
91 35
58 70
68 39
67 72
33 26
55 79
90 14
77 32
77 14
84 61
54 66
89 53
62 33
88 59
95 18
9 71
11 44
48 43
34 41
32 77
43 70
81 11
40 98
2 19
81 36
21 4
15 50
95 100
21 12
87 8
68 14
43 11
73 84
26 33
92 88
83 43
97 1
53 45
58 34
36 64
3 34
54 75
86 16
79 85
11 84
37 17
76 29
84 2
75 37
49 86
65 14
35 29
84 35
3 30
20 100
37 18
90 99
36 6
86 41
67 21
71 84
79 99
35 91
97 56
89 43
80 36
46 9
100 39
79 47
42 38
64 55
48 78
91 24
49 73
73 43
82 63
26 81
24 13
68 16
19 46
5 15
72 4
27 48
10 70
50 90
11 49
29 64
73 99
97 48
33 44
5 8
56 60
87 95
81 13
29 9
8 32
61 21
41 42
35 76
61 45
41 99
61 78
6 9
88 54
72 73
15 74
99 83
66 99
6 93
62 90
88 40
5 100
53 97
14 86
88 15
5 57
61 59
89 47
44 96
33 58
92 25
36 93
99 96
82 24
11 92
70 40
26 91
43 80
83 58
67 24
100 11
7 1
33 18
26 42
66 99
4 67
34 84
43 35
68 43
49 64
34 19
45 58
34 88
60 64
1 97
33 16
16 58
5 58
33 43
57 53
14 44
85 34
29 3
25 22
76 4
19 62
4 48
5 42
18 13
6 47
10 37
92 66
48 18
80 71
61 39
77 10
18 30
56 98
69 98
25 24
81 68
80 75
68 77
31 6
8 86
12 37
22 64
43 62
19 2
84 36
18 50
31 51
63 46
9 7
54 33
8 38
68 37
80 26
99 30
61 27
77 17
5 31
50 19
58 67
90 18
85 62
3 23
90 42
53 26
32 70
73 11
74 40
36 61
40 23
80 80
75 61
73 63
79 56
69 9
11 71
82 15
96 64
16 67
23 64
12 39
1 71
69 37
94 46
31 67
74 87
7 11
20 96
35 37
56 73
79 40
83 36
8 95
35 66
54 14
90 9
95 30
57 45
50 58
64 12
35 35
43 33
84 15
17 16
49 50
70 57
40 69
64 75
39 36
91 89
32 19
30 97
20 38
6 44
53 87
81 26
5 37
67 26
35 23
69 1
73 85
80 36
5 67
18 65
57 57
33 5
14 27
35 100
13 15
85 20
97 64
21 51
53 98
67 77
53 88
57 7
100 57
98 51
69 55
25 68
92 74
87 9
17 70
58 33
34 25
98 62
90 28
59 65
94 64
17 74
73 89
68 10
65 75
19 73
68 65
79 33
54 15
30 37
67 31
11 58
61 44
94 66
84 52
31 74
22 29
31 50
68 75
19 29
2 52
97 55
55 49
35 24
43 8
67 69
98 95
37 6
48 45
91 86
16 72
82 8
3 76
7 29
88 50
85 38
65 53
27 32
69 82
3 29
13 10
48 94
34 6
89 88
4 62
34 37
13 72
68 69
70 53
47 61
59 97
35 31
55 24
69 96
22 12
15 7
50 59
63 68
1 15
74 69
33 69
48 64
23 95
36 14
43 16
53 8
32 82
37 93
60 15
47 40
94 45
32 16
7 73
62 61
25 51
97 2
51 77
63 29
23 25
15 99
85 29
79 86
32 42
50 57
27 17
69 11
34 27
17 23
76 15
35 72
1 98
85 53
69 26
57 96
32 12
32 40
33 69
19 58
66 32
82 33
26 70
27 42
29 14
51 83
29 73
37 70
26 71
99 95
93 28
64 40
18 22
76 5
36 2
59 76
86 22
22 22
91 27
77 32
71 12
62 85
73 27
31 49
62 7
30 96
45 84
30 29
17 7
10 14
43 90
46 29
88 20
98 32
79 58
83 57
45 7
57 34
74 54
39 69
79 13
87 84
57 52
53 24
62 37
71 19
49 12
31 96
53 56
5 62
89 17
13 6
22 96
61 4
66 12
44 57
25 31
65 74
75 50
35 64
8 70
54 39
72 56
88 37
84 56
12 10
83 2
79 46
54 22
53 56
26 11
5 93
78 18
49 52
85 57
30 85
63 86
64 92
58 34
92 5
57 17
30 7
59 83
33 6
41 18
73 34
93 70
84 5
64 65
6 29
21 37
32 8
96 47
21 8
1 19
23 48
28 2
79 32
86 7
67 81
4 43
59 2
20 45
72 54
86 34
73 4
8 26
52 20
58 11
48 49
5 53
48 60
74 32
49 95
52 91
66 84
58 7
68 20
76 16
25 20
61 10
6 51
25 88
33 10
97 14
69 69
56 26
61 96
14 19
53 58
5 77
100 97
63 92
75 23
59 23
19 86
3 48
92 96
35 72
61 69
17 18
81 25
72 25
97 85
9 10
50 14
52 27
86 47
12 18
97 77
37 71
93 20
26 74
83 36
69 8
51 85
87 12
80 17
86 6
76 33
33 62
89 64
78 39
36 43
99 99
13 69
32 94
77 55
10 73
72 7
64 98
39 43
46 51
65 45
50 37
2 95
84 11
29 50
63 99
75 88
38 40
33 22
34 18
42 14
41 48
43 5
28 25
45 83
98 17
57 89
56 63
95 48
65 100
80 77
39 42
33 95
81 84
89 57
64 42
48 37
57 53
23 50
57 89
4 3
75 59
39 1
43 38
43 87
45 42
22 1
93 68
67 86
74 49
14 67
14 70
67 57
21 45
65 26
98 94
42 85
22 21
7 29
84 32
58 69
98 24
96 9
83 6
74 88
83 56
83 94
27 14
35 10
89 75
12 73
56 57
42 53
90 86
39 40
23 20
28 85
22 24
9 51
39 78
44 66
76 97
61 23
21 95
48 14
78 84
1 7
87 76
4 94
80 27
36 100
72 58
69 63
89 51
86 74
62 34
39 55
63 11
52 70
94 99
31 35
7 48
55 31
91 81
80 92
34 55
77 23
51 78
61 68
9 92
67 9
75 53
97 72
46 87
51 31
67 12
46 97
100 62
3 95
3 23
74 56
58 88
95 91
75 16
40 76
48 65
3 2
40 95
12 32
40 12
58 53
24 41
82 43
10 95
100 73
73 50
42 97
63 47
61 42
53 24
31 89
97 91
99 55
19 56
46 99
25 31
99 34
68 54
23 97
95 19
23 2
83 82
24 28
42 99
97 89
81 67
24 85
41 78
18 65
5 16
61 78
98 68
75 9
53 79
5 80
41 5
47 86
22 72
40 44
94 62
3 44
27 12
4 60
86 13
12 8
98 63
32 96
42 19
12 73
49 64
57 3
100 18
29 70
49 6
27 77
39 49
96 15
78 15
15 84
42 61
75 80
97 86
34 41
93 23
22 76
53 94
17 23
54 46
57 60
98 86
67 100
5 3
19 30
88 68
34 68
45 97
24 93
87 100
61 70
83 81
52 56
40 3
90 54
89 48
86 73
67 27
17 68
29 89
73 25
59 19
23 1
53 22
42 7
49 61
12 19
77 68
55 2
40 25
28 7
32 41
84 96
33 57
57 42
29 87
62 3
47 12
39 77
84 60
66 86
56 33
66 11
26 37
6 10
15 67
68 36
64 33
32 7
72 48
95 41
12 9
45 14
46 92
91 56
45 63
71 26
91 8
77 46
30 16
82 100
62 33
4 93
28 15
82 9
51 96
100 17
79 42
83 96
38 2
29 61
48 70
59 62
73 34
88 32
18 48
27 84
21 60
10 62
88 96
41 73
100 37
26 19
40 78
71 51
85 26
47 12
94 90
82 56
17 36
39 66
61 74
55 6
39 50
24 100
8 40
98 61
81 52
34 74
54 31
9 85
69 24
59 42
26 38
45 2
32 1
42 4
39 70
25 26
69 45
32 83
97 50
28 87
3 52
45 15
37 59
35 51
42 68
47 50
92 83
7 14
50 52
81 65
64 48
91 11
8 63
24 82
69 55
96 72
33 37
77 65
50 99
70 45
70 74
81 44
1 73
41 78
82 91
92 81
65 39
93 99
9 42
34 57
67 91
29 32
41 51
92 68
51 10
36 87
19 83
99 53
28 91
39 55
54 26
15 1
41 35
72 48
55 93
28 28
8 41
44 51
49 54
4 93
35 57
97 49
70 69
75 5
37 10
100 29
80 19
38 12
100 6
16 56
93 61
48 20
38 10
40 57
22 86
3 67
7 24
45 35
35 82
87 98
100 26
100 4
17 71
93 22
91 66
36 89
82 100
69 29
60 65
2 66
4 52
43 39
37 2
30 89
30 97
26 6
66 30
20 16
92 19
56 76
61 87
69 60
59 52
54 50
14 60
13 42
82 11
50 64
76 16
51 66
2 82
59 69
85 23
68 28
79 82
95 69
54 63
18 17
4 31
93 47
97 77
82 5
26 6
83 38
96 82
42 44
36 5
24 62
92 57
47 42
24 12
26 90
34 84
59 92
88 79
57 40
15 92
76 78
90 80
69 82
5 31
63 13
92 47
88 21
80 72
26 89
100 93
17 70
14 2
2 1
57 67
2 7
42 26
68 23
79 26
46 79
80 40
19 87
6 38
27 71
99 63
60 60
43 45
84 57
41 99
92 52
57 55
12 53
98 3
54 6
97 85
77 38
24 9
34 88
85 72
29 23
28 94
6 36
8 36
71 60
39 17
43 25
5 80
42 84
38 95
1 21
99 93
69 62
2 53
59 81
7 36
22 30
35 87
39 74
85 35
31 47
21 28
47 27
68 72
90 67
74 89
5 22
82 39
64 36
28 57
70 70
10 10
53 99
5 55
64 40
52 77
62 60
97 57
52 100
28 61
59 83
86 29
63 78
14 46
97 55
60 4
76 51
47 46
20 14
1 69
32 39
62 29
5 21
13 20
4 82
79 13
85 95
22 77
83 37
67 22
48 63
25 4
93 56
73 65
38 32
7 15
100 11
11 53
13 70
17 41
74 79
10 54
20 47
47 99
96 99
97 55
93 93
100 91
80 53
58 61
3 64
95 86
92 60
30 29
20 94
19 27
56 97
49 71
32 76
76 44
35 12
39 1
83 60
92 97
14 18
64 4
15 95
22 10
59 50
25 75
3 61
89 27
10 21
48 57
93 54
50 11
15 24
2 13
12 12
57 71
50 30
12 93
74 88
43 14
81 32
74 72
63 80
67 37
65 75
10 78
3 95
99 29
89 46
86 49
39 38
87 65
81 31
66 84
45 23
82 83
79 52
85 93
82 66
91 40
25 47
60 80
42 53
13 34
44 44
15 47
76 62
51 59
38 7
37 41
90 25
52 41
17 72
56 81
58 79
83 61
33 21
30 89
7 68
19 81
33 76
1 42
91 70
44 56
78 99
35 16
82 21
16 87
58 78
90 80
25 80
78 83
29 25
20 71
84 99
90 87
3 100
51 86
76 68
14 81
72 64
6 41
33 32
22 2
10 12
74 74
33 49
40 39
90 15
1 1
94 78
61 36
79 46
86 47
24 48
5 25
85 68
39 85
83 61
30 1
34 79
53 67
25 25
18 21
80 42
51 47
49 98
8 56
25 7
74 93
77 69
38 57
36 56
18 55
76 8
89 21
90 76
78 32
64 60
63 49
54 60
40 10
93 90
55 94
59 83
39 41
84 31
36 85
66 24
58 87
45 62
26 98
81 1
39 47
76 82
63 22
25 87
29 56
79 15
35 86
72 38
80 58
85 11
51 25
43 72
68 97
24 6
85 68
56 87
18 42
68 100
34 25
24 92
45 95
37 4
15 74
18 40
78 39
76 88
88 28
50 71
44 13
26 21
15 82
50 21
48 44
79 86
65 17
28 76
46 22
4 17
3 28
13 29
93 50
37 51
78 99
83 67
18 3
44 50
71 21
84 21
25 33
59 58
83 15
72 1
22 9
69 99
51 16
90 93
5 26
81 75
85 1
31 71
6 72
24 49
57 40
49 46
73 89
15 15
64 23
45 8
42 28
10 81
92 24
73 67
62 96
46 32
85 23
94 2
67 75
4 3
77 56
6 95
75 49
91 94
73 12
14 5
22 87
57 71
25 61
53 17
51 14
25 39
15 1
99 82
90 48
22 48
48 9
67 14
57 11
18 77
85 23
24 87
97 47
100 70
82 50
87 37
37 6
99 11
86 98
63 57
59 71
8 66
1 83
90 37
69 5
66 96
52 84
27 56
29 10
13 90
100 73
94 5
16 95
82 29
86 79
45 80
86 96
28 67
92 37
62 54
83 42
74 21
42 6
2 43
88 50
30 74
14 47
75 39
100 16
88 100
40 64
78 79
30 43
16 71
73 3
89 55
1 38
10 91
20 86
41 43
35 34
37 62
12 92
33 56
48 76
55 76
99 52
69 26
37 25
58 93
5 35
71 41
53 29
66 91
69 84
77 62
45 58
56 50
58 87
17 44
1 48
88 30
43 48
63 89
41 84
64 53
35 83
1 28
21 91
14 11
17 60
30 10
4 38
9 63
41 93
62 91
95 61
16 77
72 88
23 100
19 66
49 92
64 16
75 60
50 17
2 67
49 49
43 57
50 66
79 97
60 66
53 93
78 76
6 14
55 79
90 43
42 46
40 29
30 25
92 57
83 85
66 82
48 75
40 93
56 71
13 87
67 9
93 58
18 3
5 48
99 90
31 57
28 84
55 68
39 11
69 39
43 89
34 44
66 68
74 59
54 36
21 61
83 55
87 37
6 60
31 88
56 5
51 68
87 64
45 26
50 18
81 21
21 76
87 22
47 6
41 11
23 77
98 92
15 7
78 60
59 70
46 36
39 63
13 78
32 75
9 43
12 93
21 93
26 66
63 55
8 21
88 65
5 86
16 43
67 22
7 94
97 41
16 43
59 81
90 97
75 99
41 46
56 41
88 9
82 3
27 99
40 38
88 77
6 71
27 74
27 96
78 50
40 10
72 46
96 15
74 7
83 38
76 27
90 14
6 31
48 28
31 7
99 57
56 10
47 64
30 82
12 53
22 25
79 43
50 40
30 20
52 33
81 39
26 74
50 31
97 57
22 79
79 6
78 30
41 18
92 33
23 46
41 76
3 84
4 54
17 26
98 97
60 67
50 14
31 72
45 53
43 72
74 34
48 49
71 72
42 79
12 59
41 23
6 42
47 21
13 46
55 30
79 50
88 57
35 7
23 57
70 16
20 88
17 4
100 43
16 92
64 55
100 13
80 80
32 10
15 81
79 51
63 71
41 42
69 27
95 19
66 79
5 31
53 81
47 25
64 73
25 30
91 20
52 95
96 89
25 97
17 92
49 61
57 34
64 30
25 61
13 100
20 41
86 51
41 39
83 77
97 14
36 17
10 99
20 93
41 63
67 67
93 6
53 40
61 86
45 17
36 55
36 72
69 20
14 36
17 54
14 16
17 98
79 14
85 61
52 75
39 26
98 3
6 26
73 84
35 80
3 53
61 92
97 66
81 78
72 37
13 21
8 47
26 94
94 48
41 12
31 74
82 12
32 58
1 10
10 74
47 58
79 96
9 86
4 42
64 67
52 51
72 34
69 20
86 17
51 37
58 9
90 48
66 83
79 4
9 24
84 1
21 23
91 78
91 51
100 12
26 89
75 73
62 76
5 49
3 43
4 14
51 71
21 19
16 63
47 49
83 30
34 57
93 1
29 28
68 20
22 52
71 91
68 16
80 22
3 69
7 45
32 50
84 100
68 22
74 99
34 32
82 18
61 94
87 60
48 46
87 18
95 70
51 38
55 100
18 49
13 12
80 47
91 43
2 7
19 1
1 99
66 81
15 10
65 40
51 96
9 88
25 11
44 59
55 24
28 85
7 66
73 63
52 35
94 38
65 8
9 16
29 100
34 70
6 76
78 39
57 2
67 53
6 24
4 66
41 25
48 86
40 79
71 40
77 8
80 10
76 98
47 23
70 25
90 61
62 21
80 44
69 14
6 30
65 81
58 75
78 76
22 92
60 41
77 65
78 59
97 57
36 74
1 95
1 59
27 66
3 13
82 41
23 34
22 38
22 50
13 22
14 89
14 90
24 4
61 40
82 14
13 76
80 73
34 6
20 65
16 47
58 8
74 72
19 89
4 46
22 38
90 75
62 12
81 6
47 72
96 75
71 100
57 42
33 49
76 38
56 83
5 58
66 54
42 40
34 60
2 74
37 23
41 42
56 66
29 17
58 56
90 21
12 6
40 69
74 87
81 18
50 6
38 11
45 90
62 9
86 53
63 61
94 76
45 40
74 15
69 62
40 38
47 2
21 51
82 26
80 39
78 6
12 73
40 12
8 78
52 87
32 32
88 36
69 40
20 44
46 78
18 15
42 17
58 55
37 64
44 36
62 53
3 39
36 36
22 67
69 29
46 63
65 91
15 55
47 4
32 98
58 27
18 33
7 68
41 10
98 36
25 24
21 73
67 87
60 56
36 28
68 10
45 68
23 17
67 70
92 49
42 66
56 11
100 3
84 13
78 45
67 99
9 62
84 35
72 72
2 57
23 44
52 2
29 85
79 51
72 80
51 73
74 80
94 29
96 54
52 66
21 67
52 90
36 33
84 78
60 36
92 18
42 55
78 82
86 52
34 59
79 73
9 33
63 76
14 73
66 38
32 8
8 64
97 25
75 86
89 56
36 29
60 35
97 41
57 48
16 40
62 69
94 27
69 93
18 95
58 24
71 58
64 35
53 8
54 94
93 77
46 63
55 42
44 48
65 69
94 97
2 93
1 79
56 60
100 17
79 11
24 62
50 80
99 83
49 99
71 67
70 1
87 17
79 20
50 98
32 32
88 65
49 92
81 12
18 48
1 13
18 66
62 29
47 73
90 32
68 26
72 32
79 87
66 36
66 49
13 9
20 10
100 28
93 59
72 85
6 45
81 45
55 95
43 31
11 64
76 34
10 15
53 63
59 99
68 37
69 54
20 24
45 90
81 77
29 12
56 20
55 1
59 80
57 62
30 92
13 87
13 13
83 100
54 59
30 28
71 96
52 44
57 3
73 85
4 50
55 2
3 21
9 92
28 44
13 67
41 91
1 58
70 40
14 72
67 93
32 79
67 89
51 18
83 91
74 10
21 22
89 37
64 83
48 8
40 43
19 23
11 48
40 19
43 57
32 55
60 79
50 96
71 28
81 100
94 63
99 38
10 12
4 57
82 94
85 35
54 75
7 16
100 60
64 12
55 34
49 13
42 57
83 86
4 13
7 46
65 47
16 77
66 22
31 90
63 51
87 61
62 30
89 68
92 18
67 61
67 93
52 75
79 86
31 26
69 32
41 96
34 4
66 75
59 98
76 1
18 49
67 76
13 41
76 38
90 71
73 20
26 88
3 7
24 78
35 88
43 32
31 11
56 97
88 51
94 53
21 29
46 28
95 70
27 80
81 34
20 98
24 75
21 56
88 31
85 14
85 63
49 27
76 34
47 27
6 98
58 15
75 17
25 69
89 3
55 43
84 48
5 3
62 10
27 17
80 14
51 57
27 32
28 39
57 92
15 89
33 7
39 8
10 35
22 84
20 80
25 42
85 69
57 63
78 51
65 23
6 28
20 59
45 35
11 66
70 79
16 99
32 67
2 44
98 30
97 75
41 57
43 69
15 7
56 77
89 36
87 46
16 53
81 57
77 11
95 42
75 78
50 14
63 54
71 71
46 83
98 44
91 46
66 87
51 44
70 98
98 89
80 50
72 49
43 59
73 61
84 12
60 6
81 90
78 11
33 41
63 96
5 55
70 22
93 34
77 59
83 49
37 75
56 23
19 93
8 19
33 80
69 16
72 5
5 93
90 44
53 2
29 67
94 91
86 90
21 89
29 68
51 74
70 82
60 40
97 28
26 72
31 49
34 74
44 9
82 17
50 2
82 69
4 14
53 84
72 13
21 79
27 39
27 78
97 58
36 63
14 41
3 79
17 56
96 30
12 96
12 86
98 72
49 4
39 31
38 83
23 29
74 41
66 24
49 96
27 14
47 98
77 22
73 46
70 73
11 12
16 28
4 11
82 4
1 21
24 89
9 83
15 99
43 48
47 27
10 5
67 39
85 99
39 54
2 60
58 59
30 27
32 20
52 96
83 2
11 81
73 76
66 13
88 26
34 22
18 17
50 12
10 72
40 24
76 62
56 30
22 91
74 49
7 36
13 86
12 64
35 76
67 25
13 60
99 20
3 56
51 41
93 41
35 47
57 42
44 68
30 15
49 84
82 20
22 49
23 72
18 52
96 11
41 74
82 20
7 82
63 2
37 79
96 85
54 78
50 97
87 46
99 48
67 63
7 2
89 85
23 83
23 38
74 4
97 49
61 90
16 71
9 40
74 3
21 67
59 37
59 9
96 26
61 40
4 72
24 45
48 54
91 30
61 84
94 95
81 85
47 17
7 8
22 9
44 33
33 72
78 65
3 90
32 58
91 43
45 87
34 58
38 19
92 57
83 64
52 86
90 38
18 93
23 1
74 11
55 17
57 59
36 10
47 4
47 25
76 42
53 99
28 89
68 32
79 77
42 14
67 8
88 100
51 75
48 10
16 29
93 44
59 25
8 79
46 82
65 4
90 36
100 25
3 47
70 89
42 5
68 100
31 53
94 27
78 87
34 78
21 70
76 65
56 96
47 94
9 74
77 33
76 78
67 28
90 13
32 70
87 57
47 44
41 60
90 92
80 32
22 18
60 83
26 96
93 47
79 52
92 38
28 86
70 35
77 45
22 30
82 60
4 74
19 74
13 27
46 93
19 22
67 53
65 37
32 37
76 19
50 80
50 72
78 97
36 51
22 20
82 61
55 61
59 60
34 84
86 28
63 28
68 41
6 52
57 14
61 60
47 62
31 60
43 10
47 24
50 11
22 52
23 98
48 35
22 58
50 15
57 88
44 96
20 31
13 51
40 95
20 25
69 24
59 45
80 69
35 42
88 70
62 66
21 100
53 81
31 84
46 46
21 95
71 45
85 13
26 33
97 88
64 13
29 4
1 22
12 37
97 59
54 5
17 54
19 49
98 87
84 42
23 11
63 89
10 43
93 81
48 71
93 45
78 26
69 74
5 48
85 66
14 64
88 27
71 71
33 7
50 33
19 65
87 71
22 54
74 31
66 90
51 65
92 38
70 18
27 55
31 43
76 68
78 39
30 64
57 74
100 91
34 63
31 17
84 6
63 90
75 51
86 45
88 42
48 66
96 44
17 38
40 82
95 15
33 30
40 17
30 3
48 42
18 2
95 77
70 79
9 25
73 85
16 57
30 67
56 67
19 24
50 56
87 30
14 35
66 55
22 18
46 97
8 10
38 93
25 49
15 11
33 63
11 76
83 34
77 96
74 12
36 86
14 15
24 51
68 8
75 68
36 9
1 13
93 92
78 27
100 82
69 13
67 75
50 28
77 49
46 96
70 4
71 23
28 82
47 64
90 9
2 44
74 52
16 95
10 88
13 14
84 75
39 7
10 87
6 65
24 89
60 8
69 76
60 81
74 47
5 82
43 28
28 36
92 35
58 6
8 37
8 22
84 96
38 90
66 73
3 19
54 79
39 92
35 73
2 14
83 22
93 37
64 95
68 62
75 57
39 99
2 1
3 53
74 38
48 77
24 35
8 7
98 42
91 39
59 25
87 1
3 31
84 96
44 55
76 24
21 74
8 82
21 15
18 72
65 24
43 50
8 27
83 55
100 75
89 26
17 37
45 98
46 75
24 4
8 56
2 100
27 71
19 14
48 70
24 36
61 63
91 98
93 50
34 53
27 80
48 48
50 97
29 57
76 98
11 85
55 58
11 16
53 83
86 80
28 48
27 92
82 50
2 80
67 60
21 12
69 32
56 79
58 45
18 63
61 62
60 94
30 41
58 91
80 2
33 51
68 63
57 32
88 69
66 45
27 89
86 100
29 81
53 65
8 85
38 42
93 94
84 4
8 57
57 13
70 93
6 5
1 52
78 44
23 93
38 5
61 33
99 17
87 23
92 98
13 84
79 96
84 87
9 79
18 34
86 99
25 15
47 72
47 87
52 96
47 70
42 100
8 92
82 28
87 58
12 75
84 32
62 8
78 47
65 30
76 96
50 11
3 77
80 92
93 32
81 5
60 78
3 73
73 41
33 11
17 27
54 24
34 67
47 58
91 34
20 18
97 6
17 39
85 54
39 98
3 19
91 85
82 55
24 84
55 94
96 16
81 65
72 25
14 35
61 26
59 70
8 78
33 38
87 6
96 63
90 2
18 12
48 30
5 57
1 75
91 57
73 98
7 13
40 53
69 6
62 56
66 2
31 4
89 30
75 12
6 63
72 76
66 55
72 31
90 19
91 44
88 16
74 53
91 18
65 13
34 9
100 96
96 39
96 38
89 56
26 97
77 22
85 19
30 56
73 36
71 13
40 7
7 9
20 37
89 49
84 40
38 13
40 3
90 71
60 28
48 74
36 85
12 93
6 68
19 82
45 25
37 68
46 62
68 5
91 75
41 69
16 39
36 24
81 76
38 38
41 55
3 53
29 12
46 19
38 62
84 23
29 86
40 59
25 59
86 96
99 13
91 2
57 2
97 67
17 11
37 19
61 51
53 81
5 7
61 85
1 34
57 97
77 16
97 75
31 63
73 2
87 57
84 65
87 17
69 81
10 68
19 62
8 100
51 82
19 41
24 66
51 16
32 22
89 9
10 7
82 61
86 39
40 54
66 81
43 83
43 80
9 23
49 4
44 37
100 32
56 62
2 58
37 56
6 48
56 75
40 63
97 42
41 55
62 16
70 39
23 85
19 39
14 76
93 20
27 23
77 83
52 86
61 6
42 17
66 80
79 45
40 48
45 42
97 26
85 23
32 58
66 26
98 41
97 92
8 62
16 61
81 66
43 53
32 69
6 39
97 86
30 63
40 77
85 16
42 59
29 35
57 94
81 11
80 60
21 62
55 79
51 48
13 83
4 15
63 84
86 56
34 78
89 2
10 47
33 97
93 28
49 20
71 28
86 32
92 50
59 74
28 22
69 16
12 56
52 97
34 18
53 58
19 32
92 24
96 100
37 8
6 99
86 95
7 23
28 20
19 57
11 28
53 92
41 56
75 67
7 93
72 55
15 90
60 91
46 19
4 95
22 75
48 38
44 91
94 72
7 96
76 99
73 92
60 12
91 38
14 10
97 73
15 88
36 47
62 97
92 29
56 2
46 80
32 15
39 16
62 62
4 24
64 73
64 10
83 50
40 99
100 86
82 4
74 40
81 66
89 5
46 4
42 29
44 27
57 95
62 2
17 29
41 83
74 23
34 51
9 55
35 94
77 15
85 90
13 84
1 55
100 78
96 91
24 68
93 97
68 66
7 9
25 38
5 74
91 89
41 65
21 55
96 57
58 14
75 60
4 47
96 17
71 74
61 15
28 61
91 10
76 52
80 85
4 88
49 57
74 7
22 74
1 12
55 28
75 20
96 12
11 77
71 17
55 51
18 82
53 85
65 30
70 21
65 59
52 100
15 19
44 48
8 5
4 41
57 33
31 28
28 4
14 11
13 3
96 14
35 25
18 74
31 64
73 77
72 30
63 85
26 21
52 18
49 94
93 87
53 30
42 9
26 7
74 84
78 90
5 43
16 77
65 47
22 41
86 47
27 89
71 39
2 79
99 24
35 5
74 64
63 80
90 91
92 37
21 37
82 31
91 46
25 85
45 73
84 88
97 45
27 46
62 19
7 68
44 73
59 19
10 51
79 54
64 41
80 86
80 93
94 42
81 3
93 49
46 99
96 67
1 34
64 69
91 41
94 77
52 70
52 54
45 53
22 73
2 53
70 94
99 61
17 86
28 46
69 53
51 5
31 95
90 21
50 48
9 23
50 6
91 12
88 96
66 25
63 5
36 17
52 85
86 91
87 8
35 46
61 77
74 84
71 83
45 47
53 12
34 87
44 94
12 25
21 56
15 84
30 65
81 14
4 52
89 70
25 4
63 25
53 42
90 39
95 13
42 9
96 82
89 61
2 78
83 86
92 46
43 25
40 94
74 40
88 86
89 43
9 21
75 50
24 31
83 59
19 54
60 25
32 53
46 84
66 26
57 71
65 86
58 44
12 76
15 4
42 30
76 97
45 36
4 56
96 63
41 59
79 61
75 28
37 85
8 20
51 61
82 48
36 12
32 22
98 94
47 48
38 6
55 81
53 84
5 68
19 88
28 12
96 27
89 70
18 18
81 30
46 52
61 73
16 29
21 26
70 77
50 52
98 22
71 57
7 63
75 23
54 9
36 20
33 36
75 82
97 88
24 77
30 63
95 21
47 64
81 61
41 68
17 10
48 4
66 4
97 62
29 63
72 55
73 54
55 56
51 62
96 28
49 69
47 81
27 18
75 9
28 38
10 57
91 69
53 65
62 11
87 8
20 73
75 20
91 15
60 98
49 57
72 52
8 23
85 95
18 66
72 67
74 97
1 9
45 29
41 94
69 57
91 55
24 37
13 10
78 18
70 14
36 26
93 50
21 3
37 84
79 67
68 45
3 7
55 31
11 69
40 58
25 39
51 88
28 91
27 87
58 56
100 94
77 63
46 49
40 55
66 1
83 75
61 76
40 91
27 77
56 59
21 73
100 40
82 51
17 90
52 37
56 67
75 8
28 18
57 73
45 98
24 22
25 71
100 17
11 62
89 28
69 85
1 51
48 28
28 63
22 80
78 95
46 10
30 65
7 61
40 58
56 69
55 95
26 59
1 65
9 11
29 76
17 96
40 16
7 72
18 13
75 80
31 9
45 70
57 52
73 22
56 80
45 74
60 3
26 12
32 91
46 70
64 28
96 64
66 77
63 15
31 92
57 61
100 52
81 22
100 38
68 34
44 92
25 84
90 67
64 19
25 99
11 16
41 17
80 61
79 80
47 73
47 29
68 1
13 38
39 39
20 59
56 57
74 48
42 100
57 78
24 75
51 5
50 96
8 26
54 15
38 39
50 47
62 16
35 74
74 61
57 60
24 74
98 83
56 10
53 5
22 53
35 11
7 93
84 75
30 16
32 58
80 9
86 49
9 68
35 21
66 32
80 29
64 100
18 52
91 53
38 44
52 36
53 23
29 75
74 12
6 39
30 74
25 54
46 6
95 94
23 2
18 19
77 15
92 69
83 75
71 9
97 24
99 58
53 38
64 4
66 28
92 83
72 47
5 26
22 6
96 94
8 33
78 22
62 97
9 4
9 30
3 43
11 53
4 61
83 98
62 15
69 17
36 51
20 16
71 5
65 41
65 8
94 2
66 65
72 28
78 30
5 12
56 25
2 60
17 54
12 97
77 27
76 30
43 88
77 71
100 68
61 100
25 3
60 21
10 96
56 75
11 6
95 52
79 57
23 28
92 8
100 61
14 46
85 96
76 89
61 14
60 82
93 75
20 15
22 54
77 52
72 62
77 14
54 3
70 97
11 78
65 77
30 84
92 44
18 34
75 87
52 2
75 39
13 89
74 18
13 33
40 8
38 14
7 12
79 78
93 35
92 13
78 41
31 31
77 55
25 49
13 94
23 16
9 95
21 98
44 42
4 9
83 76
45 2
37 12
61 63
42 90
8 10
5 2
78 26
47 52
48 63
28 57
30 46
37 70
37 47
69 92
52 72
90 20
28 23
99 31
77 87
27 15
17 67
77 26
4 37
83 84
70 27
74 29
32 25
4 84
73 55
29 3
73 72
72 16
45 48
38 69
78 10
37 32
93 3
98 13
84 60
33 94
58 70
75 50
89 13
2 61
21 94
69 84
6 2
94 40
59 41
37 10
65 16
16 55
90 19
9 45
87 86
97 50
62 91
17 71
78 13
79 30
21 21
20 19
40 78
17 45
81 55
24 1
37 32
7 66
38 5
53 8
96 85
94 56
53 31
14 93
35 91
2 66
53 39
2 87
90 100
2 58
81 49
68 91
91 100
72 11
84 9
34 14
32 99
1 20
2 69
21 40
15 70
16 17
17 57
11 65
40 88
28 38
34 32
20 76
3 67
69 13
3 94
73 33
19 22
22 71
67 77
87 28
87 53
69 39
69 82
36 25
20 98
25 35
52 71
48 23
40 36
11 36
85 76
21 23
40 92
13 3
59 92
23 64
90 34
41 24
54 62
24 14
3 90
62 13
98 22
96 65
62 89
38 45
61 88
90 20
39 39
70 94
74 25
29 36
81 3
24 56
2 30
51 5
12 56
59 26
78 6
13 85
14 56
53 86
74 69
24 86
13 37
48 95
44 68
17 94
27 77
17 24
62 53
74 57
64 36
96 11
79 70
42 48
48 18
85 77
38 43
80 55
94 31
36 82
13 70
28 47
49 97
25 47
2 72
63 96
82 73
57 93
21 7
71 90
83 55
22 29
24 67
25 91
21 29
50 99
37 11
21 86
26 9
8 89
95 42
20 68
12 52
61 19
12 72
17 42
51 75
96 61
60 56
71 63
70 75
94 94
88 50
100 45
31 22
42 30
19 88
85 53
30 54
25 49
68 94
98 26
86 42
15 96
98 7
22 39
59 68
47 56
98 71
57 45
67 84
91 58
4 41
16 56
81 57
37 63
81 31
100 23
29 72
38 55
25 19
43 31
45 86
42 44
7 6
5 42
23 46
22 21
36 21
27 65
92 74
28 5
59 42
95 72
2 49
86 3
79 81
5 10
86 92
47 21
7 48
79 31
47 82
96 84
100 65
74 8
16 53
76 11
58 72
66 31
33 93
11 97
27 100
97 57
18 41
34 21
62 85
23 21
38 67
41 41
89 80
71 64
65 30
55 26
86 32
68 77
89 3
89 76
53 92
69 31
85 39
67 28
4 96
46 72
88 88
5 70
1 10
44 58
2 1
62 49
51 75
100 25
43 53
36 87
85 30
39 90
65 72
81 80
49 9
75 31
10 35
99 54
14 80
8 93
87 34
45 12
41 63
67 56
19 9
79 4
47 25
66 72
93 13
9 94
17 56
58 99
24 2
56 85
18 38
55 47
38 5
51 47
25 11
55 6
75 8
67 95
63 53
71 65
55 2
59 75
56 58
79 95
37 82
40 51
47 26
86 85
76 29
33 30
97 28
23 86
86 46
84 42
46 79
93 18
99 67
7 10
3 99
15 92
22 87
67 85
28 19
24 90
47 8
23 69
62 61
99 5
38 40
82 15
22 43
52 11
74 64
4 31
80 78
57 98
54 21
76 57
52 74
13 16
83 68
57 13
28 43
20 67
83 32
40 24
52 56
8 71
15 33
83 10
64 67
25 29
34 64
17 89
33 97
9 100
83 90
35 8
16 21
89 71
62 38
95 55
92 26
14 68
19 74
20 55
24 71
48 8
57 44
32 44
82 84
89 53
24 51
64 24
12 51
14 10
79 32
75 3
30 73
64 31
74 91
75 42
70 1
32 60
56 77
2 94
67 9
56 16
57 9
50 76
98 34
43 32
89 13
76 4
27 66
45 11
51 11
16 68
39 29
100 36
6 91
42 15
43 67
30 81
91 25
55 72
24 89
73 72
8 65
78 42
93 85
34 10
86 24
58 20
88 60
13 33
60 61
26 16
20 27
20 24
77 59
71 57
47 41
87 23
69 3
4 54
93 21
85 49
53 76
86 61
11 9
65 95
61 89
76 87
81 59
77 80
12 99
60 61
24 49
26 9
92 73
47 18
64 54
21 11
65 8
96 57
82 9
19 94
66 93
97 74
22 39
37 1
88 28
40 78
57 29
60 61
28 57
95 44
40 52
74 21
60 41
16 96
11 91
99 69
15 39
49 48
15 89
96 73
96 20
8 26
20 78
11 88
94 4
96 95
46 8
17 7
62 97
98 52
24 28
45 80
95 25
35 73
96 76
75 6
40 14
96 39
8 99
34 97
41 70
33 47
71 54
36 24
58 29
93 66
15 22
46 13
58 72
81 77
93 81
57 84
5 69
80 100
72 17
26 70
10 19
23 48
61 93
78 93
5 29
86 91
62 24
9 6
33 12
89 92
62 30
22 57
19 22
51 1
62 51
41 76
20 43
30 7
38 85
48 30
74 96
81 6
28 48
6 88
40 73
88 67
19 51
63 7
85 46
51 91
48 21
85 98
56 86
90 26
29 35
12 94
10 44
81 15
8 6
38 26
98 23
38 8
72 83
27 86
15 19
22 96
40 72
62 50
70 44
27 79
93 26
89 34
49 40
20 58
28 38
44 33
44 57
50 65
69 22
2 80
7 2
20 6
37 75
90 97
36 69
68 77
92 78
83 90
58 63
96 91
83 25
20 93
29 93
57 9
30 61
92 63
42 19
83 44
91 95
91 71
41 36
30 8
96 36
94 57
57 91
58 47
21 42
91 37
85 62
91 28
43 63
6 47
74 54
73 18
85 35
80 91
99 39
85 100
27 31
23 96
23 82
42 8
25 82
23 50
82 55
64 74
52 40
55 50
35 91
24 76
69 11
45 82
66 20
37 89
100 36
81 63
3 57
39 100
45 36
66 68
65 9
16 96
66 17
71 2
88 77
49 62
90 80
11 83
31 49
61 52
34 26
49 21
66 73
99 22
64 85
16 10
37 73
54 88
31 25
59 59
86 78
23 89
48 9
49 27
46 36
91 63
83 93
21 39
28 44
4 22
70 56
11 89
31 73
63 100
56 13
45 59
33 56
13 63
3 63
35 94
94 18
73 8
22 74
63 65
52 3
55 76
59 29
9 81
30 94
15 31
93 24
91 47
15 37
34 34
79 9
78 28
44 23
96 66
3 17
46 82
11 62
51 48
63 65
85 53
8 52
78 29
55 31
21 90
63 51
55 77
52 100
61 60
87 23
3 53
26 64
99 99
12 12
86 23
34 87
64 58
29 11
100 62
52 5
93 26
39 23
32 4
62 74
8 58
59 14
40 42
15 29
41 11
56 31
22 100
60 24
73 40
46 23
28 62
66 30
1 68
63 22
88 32
69 42
51 4
10 12
49 23
74 96
76 55
34 62
80 66
49 63
44 38
38 35
55 2
95 3
21 44
16 10
25 47
85 25
87 44
41 56
75 66
91 88
72 79
31 12
24 51
77 68
57 33
14 93
1 96
17 87
67 25
14 16
73 42
38 86
11 63
99 24
41 5
70 41
90 63
6 79
97 19
16 100
5 20
98 87
73 78
98 90
25 68
80 96
81 10
76 70
63 28
37 74
29 82
11 24
17 98
20 81
53 72
30 58
98 28
25 19
57 67
16 5
18 16
74 69
93 38
47 27
7 20
78 80
61 64
34 12
89 69
20 79
2 47
88 19
26 9
24 43
47 87
5 16
50 38
73 97
56 10
68 100
36 31
44 40
6 59
71 38
10 39
35 41
33 9
92 94
33 39
62 36
92 47
43 77
58 10
69 27
40 90
13 90
37 72
51 63
8 72
22 49
29 6
52 99
61 25
47 47
70 37
27 99
44 65
52 50
21 36
49 90
51 31
15 92
95 92
8 41
75 45
87 25
97 83
48 69
64 11
25 71
33 28
65 10
18 95
34 15
19 79
6 12
29 19
6 11
24 31
82 50
